0 3200
1 4048
2 1008
3 196
4 3080
5 754
6 2592
7 3640
8 273
9 8820
10 185
11 5950
12 1452
13 256
14 630
15 2565
16 1541
17 7347
18 1785
19 3534
20 7392
21 4814
22 192
23 684
24 4950
25 708
26 1012
27 1564
28 420
29 1230
30 855
31 1404
32 696
33 4340
34 27
35 224
36 330
37 30
38 860
39 5985
40 1403
41 595
42 1767
43 6806
44 1131
45 69
46 253
47 9306
48 5888
49 2867
50 5037
51 2449
52 4089
53 595
54 4320
55 104
56 1403
57 3515
58 3888
59 3157
60 4420
61 5760
62 1350
63 420
64 511
65 4400
66 8084
67 2079
68 1584
69 960
70 4606
71 672
72 119
73 247
74 4272
75 518
76 0
77 1305
78 4554
79 3975
80 5904
81 5695
82 68
83 0
84 4557
85 3900
86 234
87 3525
88 1058
89 768
90 1805
91 1786
92 5775
93 1095
94 6840
95 3822
96 1080
97 6256
98 320
99 3036
100 4940
101 340
102 3526
103 228
104 2856
105 1869
106 480
107 540
108 2091
109 720
110 1674
111 323
112 2871
113 500
114 3304
115 1700
116 1188
117 5494
118 1216
119 2002
